Best hyperparameters: 
batch_size: 64
learning_rate: 0.04998313063861825
n_layer: 3
n_embed: 64
num_head: 4
dropout: 0.3299407947965439
weight_decay: 0.006513045865945693
