Best hyperparameters: 
batch_size: 16
learning_rate: 0.09621325010821401
n_layer: 1
n_embed: 32
num_head: 2
dropout: 0.2767676552268794
weight_decay: 0.00013654435104836437
